1 : 3603 3297 460 506 2400 4211 621 4712 317 4940 1118 4812 3736 892 578 1581 1088 3193 4180 3219 3526 1434 3744 4706 977 1138 2505 2663 4886 2287 4394 1405 2845 4527 
2 : 825 4025 2602 868 2441 4301 4966 3463 3415 1891 1226 2523 2692 2629 2769 1233 4696 3604 2708 2851 2849 4856 4293 428 3479 4219 930 4768 3219 504 1957 1765 1688 1409 261 
3 : 1650 4808 3104 2738 3692 2624 4747 3905 2599 4573 3431 847 1331 2319 
4 : 2196 4647 2801 1957 1033 1289 2885 4140 2751 2301 711 498 1965 906 3728 4778 4955 4318 4224 4381 2414 1666 1554 3557 3396 2438 1511 647 4543 1770 2366 4659 976 1684 
5 : 1607 4439 2273 1614 2150 4527 3910 1733 821 2527 2060 3650 1020 471 3096 352 1487 1005 1152 3406 1731 3345 4403 4817 170 2315 576 827 1412 2946 4741 1513 3984 3027 1712 2135 4496 343 1371 4251 2159 3008 1824 4966 1813 3548 3466 
6 : 4846 4687 2004 651 2509 4082 3518 541 728 964 2069 2543 3612 3076 4934 3563 4494 950 330 832 1103 2818 4188 2860 1505 2247 1303 224 1318 384 4193 3266 1949 519 2217 1075 
7 : 2992 4722 2228 3606 2570 4130 2362 1033 2393 1754 1585 2083 3518 453 323 2342 578 4337 1404 1444 1686 1901 4792 773 1868 615 638 3173 2174 4287 2950 4510 4102 3744 1478 
8 : 2762 1657 3477 1182 4108 2899 295 3813 2668 173 1018 3264 4635 
9 : 4856 
10 : 4455 3467 3835 1502 3408 1740 2916 
11 : 419 1141 3982 2891 3462 3437 1486 1911 2410 3461 1878 3855 194 2979 2717 4058 1376 3710 2181 1187 4455 3017 2373 1900 3143 350 367 1125 333 4469 3587 2619 1347 1303 3608 3213 705 1284 1674 3438 1848 3023 2536 3489 1830 2587 4876 
12 : 1189 3445 2737 2209 2911 3952 2575 2636 1188 4429 2102 2328 1693 3274 3936 2140 4444 2223 1678 4122 2703 1597 4089 1674 2333 3090 949 4377 2651 4930 2092 4157 898 3707 1742 751 271 818 3223 4653 2496 
13 : 3148 3904 4105 2903 465 3581 3443 4259 4828 109 540 4770 3978 1602 4241 3071 3297 1464 696 4720 1871 1300 1165 2048 4381 2012 2643 4752 2940 1418 2242 2225 4546 708 413 4917 1974 4603 623 1693 2693 523 2078 360 1477 3543 3678 4691 4417 4349 
14 : 1877 2593 1302 2381 3912 3402 3230 4740 3353 1061 3564 1060 2995 2748 3692 2176 4663 2730 2282 2400 1155 4355 2193 1451 188 740 
15 : 4475 3659 2946 319 391 2974 3566 4672 
16 : 4181 126 1386 294 3150 4701 
17 : 3316 4182 2530 385 3527 716 133 263 1813 2994 1795 3280 4304 4057 1972 2579 1486 1976 1623 1322 3128 502 2825 429 586 
18 : 4128 4029 1907 948 1852 2248 1498 3899 3906 3454 479 999 3121 4237 1034 2838 3390 4003 
19 : 3173 1407 2438 4287 2281 3855 2947 915 460 4729 2198 1096 3342 4327 
20 : 4884 1479 464 967 697 1601 4119 2370 4156 2259 3686 2185 2722 4144 2176 1337 1861 2804 4678 4117 4093 4328 2047 734 3744 4240 3050 1558 3983 1726 2854 1748 4804 4784 2248 4843 2482 2626 3990 858 
21 : 1320 1148 2072 2679 4152 4696 4805 1819 1353 1605 4362 419 4057 4609 1687 3622 1203 2763 4584 3510 4309 238 4160 2091 4233 4510 3866 4618 3499 3590 728 3632 3123 4026 242 2098 3534 2889 1120 855 3690 1458 338 4815 2862 3891 4173 355 
22 : 216 4581 3934 1135 3147 2225 2030 2345 3729 834 1805 3698 3191 265 4212 3504 718 2267 855 906 3409 2442 4596 4586 1129 4666 2777 
23 : 2418 4895 2290 133 1000 
24 : 3574 4578 4416 366 2420 1635 1425 4283 1881 4183 2410 4294 1870 4835 3138 2738 1782 1043 2580 4426 1978 3446 106 393 1383 4023 2969 4875 902 1396 1084 4050 2918 2985 4990 4385 3400 1418 623 2556 914 926 
25 : 3417 1517 3986 4248 3875 1364 420 1465 1589 3356 2733 4158 4626 1498 2211 3389 4987 1722 1693 314 3126 4433 4301 4408 3872 449 3717 
26 : 3362 4171 3852 4447 2957 340 4053 4023 3626 4298 4900 3558 2446 1245 4777 4891 515 479 3710 240 650 640 922 2318 3360 3251 2344 366 2538 3636 1457 2081 4109 1646 3972 3297 2340 3939 488 1489 183 3833 
27 : 1244 2367 4311 2846 3452 212 1562 373 4499 822 2648 1125 3457 3661 4109 3057 1231 2001 1680 4505 1304 1178 461 816 1253 4169 636 2949 3634 4146 2017 918 1103 874 3212 2579 4871 4515 1108 1301 3003 4592 3270 854 1443 
28 : 3198 4223 3068 4739 1254 4014 221 963 4228 1850 1864 1951 1727 749 453 4651 3850 3744 973 1416 206 470 857 2404 4148 869 3403 4074 3093 4455 4392 4654 861 1942 
29 : 1694 2681 4709 2060 3458 148 2466 2702 4249 2914 2249 2984 4898 797 2570 1615 4694 784 4649 4943 1337 
30 : 3891 1329 1459 2011 1759 3329 2526 3964 
31 : 1480 3643 3592 3597 3150 4053 1676 2377 4417 3748 675 4845 2106 1164 4352 637 3081 903 4824 3118 3166 2004 3573 3637 587 3238 2740 928 3433 1722 1852 4253 4762 1277 1190 630 2588 3722 3496 4311 1131 
32 : 600 2594 3836 3704 1495 3017 4419 2007 1852 3565 1773 3103 3626 1201 946 2995 3240 2765 4170 4898 2811 111 3071 1207 1848 3628 
33 : 974 2756 2503 856 2505 4860 1374 4055 1187 3363 3341 1432 3432 3970 2071 2991 2983 3943 3714 4253 817 996 1485 1043 2201 4632 2199 4919 303 3027 2040 2141 3489 4610 2192 810 3984 1019 2659 4121 1115 1699 1769 1992 786 849 3980 772 2246 1934 
34 : 4345 4441 4690 1815 1499 449 3717 4794 3846 2548 2977 2585 4869 1275 4934 3401 1612 4253 4198 2192 4400 506 4116 248 369 940 1479 
35 : 2225 3737 3931 4874 148 1083 1019 1518 3998 2426 4065 497 4842 4652 811 3861 4418 4785 3747 1123 3116 1370 2951 2430 1340 440 181 1736 2686 787 1976 2797 780 3315 875 1443 2185 3420 669 4478 4895 3798 890 3909 827 1521 
36 : 4394 3237 3877 3727 4965 2554 1659 4111 4331 233 3613 756 4716 468 4868 4980 4450 1995 4120 452 4371 2106 2281 2451 4701 1374 
37 : 1373 2373 3093 2824 1032 3510 213 4236 3115 1282 2420 1455 4450 4729 3681 1420 4704 4206 
38 : 2061 3673 548 1199 4738 1773 3439 1961 533 3773 2160 1465 383 2109 562 1901 2510 3388 323 2720 495 1834 2618 
39 : 2534 4410 133 4837 2254 1207 3054 4564 4665 604 1531 2974 541 4411 932 2461 2459 2348 1189 3116 3404 3196 3491 467 2258 
40 : 2772 561 3534 4117 2010 
41 : 3710 2380 1735 2192 511 4297 3591 4450 2238 3757 4420 3760 3482 1739 
42 : 3462 2548 340 4856 4832 1742 4250 2111 3769 1511 2887 1352 4130 289 1649 2227 702 4983 1308 3305 124 1659 4684 2750 846 3781 1027 3598 4331 3965 3537 4733 156 1380 3452 2756 887 4693 1645 3953 1193 1165 2282 
43 : 3135 3047 2125 432 1364 434 1928 1724 1315 1676 3313 1007 4951 4722 
44 : 3062 1598 4737 3452 2365 1711 2441 1892 312 1925 1013 1569 3660 1029 4751 3055 1420 960 1744 870 3740 4410 4405 2402 3777 488 2252 149 583 4357 2229 4053 838 1790 882 3195 3435 306 4868 2413 
45 : 2953 4319 4809 1989 3807 1726 3366 1101 2262 1939 1412 4020 3127 678 4594 3973 4700 2830 2807 2441 
46 : 1732 3152 4030 2090 2479 3611 976 1297 1145 3247 763 3338 1383 1288 1787 2251 3094 4248 4604 
47 : 3219 1466 1227 3595 669 3288 4008 4030 3306 2803 1663 4065 1791 435 3968 1994 3761 1676 3358 1593 962 635 4016 1732 193 870 1799 
48 : 353 958 104 4551 1506 2939 2640 3067 3746 137 450 631 4611 1436 2612 2376 1885 194 2381 3761 656 2839 3962 2230 3459 
49 : 4086 4736 3171 4444 2801 3185 2005 2044 3174 1029 3527 2928 2393 4552 211 981 4659 4656 2382 4929 4781 2064 4835 3749 2890 4878 4415 209 4284 950 2175 3060 2384 4958 696 3103 1860 4247 3641 4484 
50 : 1444 3344 3087 3069 1387 1697 818 989 1633 507 3291 3989 3587 2938 1818 2928 3816 
51 : 4090 1437 3016 750 3241 1326 4782 4365 1589 1533 2794 4355 2159 2738 1976 3116 1835 4236 1795 567 4267 4975 3491 1937 4908 1342 1799 4354 3293 2712 
52 : 4477 1983 780 1479 2292 4357 4435 3465 931 311 2123 3662 4594 1777 4022 4665 261 3126 3181 2345 3978 2763 121 3188 504 3750 196 2113 3904 3965 735 4528 4809 174 4093 474 
53 : 3126 1989 3886 617 4114 4770 1354 4271 2990 704 1710 1129 3611 3434 4708 2232 1456 1849 4874 
54 : 2612 101 2410 3465 4222 1719 2211 3268 3043 966 447 2316 1202 512 2415 4761 1657 1684 1352 4234 4985 4057 848 2078 976 3039 2440 3547 4609 3343 3097 4462 508 2193 1903 3532 372 340 4740 3607 3230 4297 4094 269 4456 4879 4254 445 2079 3764 
55 : 2393 4154 4483 4306 3803 1573 416 227 1638 2850 3080 454 2686 4422 907 4329 3217 2663 1734 3010 1959 3734 2658 4044 794 2146 354 2524 1842 1424 3356 3706 4779 2256 3515 312 100 3659 4173 690 1451 774 1193 1510 1639 3139 
56 : 3035 4597 4220 1058 1037 3223 764 2395 
57 : 3641 1927 819 
58 : 4848 763 3524 524 2439 1127 3715 882 1840 2307 468 3949 4909 4368 4353 3465 827 422 1829 1532 4399 4079 4113 
59 : 3881 3488 2938 2121 183 3586 942 4840 2307 3969 2226 1454 2879 4317 2292 3623 
60 : 404 695 1041 3677 1321 3892 3964 2898 4945 4810 3880 1238 1587 538 4947 4303 1270 1862 4021 4850 3586 2011 2732 4917 4059 994 2501 1119 1543 3044 4433 754 2284 4364 2773 403 4595 2334 3697 3290 4200 
61 : 1941 2258 1171 1520 3383 729 2837 948 1998 
62 : 1296 963 3703 2185 4199 3962 3649 2719 3465 358 3242 2026 4857 2301 1025 
63 : 1669 4697 3851 1567 1869 257 2887 
64 : 4525 588 4810 4025 3484 1718 4675 
65 : 4202 1699 226 4372 1161 3430 4519 3950 2097 330 3231 2186 1966 733 2810 1163 4631 2659 193 1228 1838 4608 1700 4635 1922 
66 : 813 2917 551 2513 1512 3121 1239 2503 1822 916 1316 2587 1087 4508 1603 4457 2603 1140 1597 
67 : 2494 2650 3908 1324 681 4584 4158 3792 820 1974 2218 4947 2247 2859 3545 4125 4004 1014 3263 4931 
68 : 4350 3863 3242 2527 4567 3218 2537 2211 2339 3108 4995 2803 3390 1112 227 501 4791 3597 2276 2172 2482 742 1381 4227 1595 3109 4585 1679 1774 3602 1486 3203 367 142 3884 2619 4686 347 2589 691 1108 
69 : 3019 728 4125 1297 592 1459 3673 4656 
70 : 4699 3616 384 4562 1644 2497 132 4735 3001 2754 2375 2922 2306 3125 2505 1136 146 3308 4893 1431 3129 2911 1819 1608 3889 302 238 1742 149 
71 : 4221 2383 1936 1438 372 945 3507 2093 1357 2232 3855 4074 803 3123 3304 
72 : 4482 2963 
73 : 3021 325 1539 3174 4942 1501 2268 1130 2076 3998 4542 4657 888 778 3434 2917 1601 930 3087 2445 1035 2033 3102 516 3518 1191 
74 : 2917 1096 4452 2990 980 3281 4641 2988 2875 2492 4087 4201 3329 2124 1354 
75 : 4711 579 1992 4242 3158 4591 120 3231 880 198 1762 993 1585 1563 2437 3354 4780 4410 2428 621 4201 525 2307 2599 2400 3325 425 
76 : 1820 3461 4453 137 662 
77 : 4468 1765 1019 1388 3813 615 2198 4679 903 3823 2388 4518 3480 2412 1172 398 1044 3888 2308 3895 3937 2858 3910 3303 2697 564 1494 1899 1519 2477 1782 1140 2608 1103 791 3701 4469 203 4493 2626 223 2576 2603 1921 3127 1669 1943 4260 2299 3320 
78 : 4005 4274 2346 2740 4049 743 3766 4585 3860 2270 4811 895 496 2423 3318 802 129 4261 426 3498 977 4064 1898 2604 2115 2337 2882 1401 825 3550 3056 3027 4313 352 3798 2471 4568 1429 3886 1959 4350 563 3597 3720 358 3564 
79 : 194 767 1185 1573 693 860 1136 1967 1357 2035 2868 2588 1485 2068 4656 884 3985 3530 2485 1183 1767 4288 1461 3707 1393 4685 2999 4770 1715 1024 2566 589 1529 989 
80 : 709 4853 2082 1373 3429 1694 
81 : 481 1787 3742 4011 3142 1991 2672 2630 968 4705 690 4458 3883 
82 : 2821 
83 : 481 3360 1237 2287 4751 3888 677 382 4948 4471 2910 921 1836 544 4864 2724 2597 
84 : 1095 693 4084 2409 557 2975 1887 4012 4387 1750 1867 1681 3468 3986 4089 1661 1154 3523 1727 3897 2879 2577 1016 4821 4694 923 4486 754 4072 2698 430 2582 2166 1284 2262 1615 
85 : 862 3352 2609 772 837 3541 1471 2839 789 2359 3458 4372 2771 2713 1784 499 1139 1065 870 2068 4432 3330 4521 3801 2143 4157 2472 2993 3406 1007 1809 4607 1812 3068 127 4630 2137 4895 4235 2530 4925 1944 3448 4716 562 1168 
86 : 2767 2712 1382 1603 993 1578 4067 3008 4338 4848 1230 520 3746 4196 1766 2949 1651 1301 3638 355 1920 1510 3078 1535 1192 2935 654 202 2293 4541 4268 1340 3666 
87 : 4351 3602 4861 4139 483 665 3701 3940 2370 1776 1424 1846 3724 3858 4170 2701 519 3732 2502 4948 1397 2778 4313 3270 1997 319 4687 1795 2911 3427 2044 2944 2534 3804 1752 239 3946 
88 : 480 4828 2398 3418 3327 1457 344 4665 1961 2675 2772 3837 3353 880 343 591 663 3776 900 3125 2756 2827 2907 4329 2614 
89 : 3143 643 2945 1387 3588 4130 392 3599 1966 4365 4408 689 3642 1626 3330 3233 4605 3395 733 403 3927 
90 : 4111 
91 : 1307 3091 3334 4206 2577 4539 173 2858 4864 4917 4054 986 687 274 2017 3867 2854 2231 4172 1294 2707 559 2308 1045 3079 3349 1538 1053 2018 4835 4328 1162 3235 948 1910 
92 : 4915 2574 1772 
93 : 2660 4627 4042 3816 336 714 2993 116 3449 4334 4976 
94 : 3603 4073 1555 2872 1116 1229 354 915 489 1248 216 3476 4079 544 1013 4794 3070 1488 578 555 2359 4681 1812 3993 1352 4562 2413 4350 1662 4923 3144 2000 2349 2384 394 3264 4441 4144 4928 3761 2427 3192 1610 3501 2250 
95 : 3387 1052 533 2401 2892 2405 1974 1198 1768 2871 4805 1125 4220 3416 3237 2912 3921 2742 
96 : 115 2307 258 
97 : 1846 2618 4149 4037 394 2210 1956 4007 3740 2164 4126 4499 610 3438 1209 3924 2709 2619 1127 1070 2842 2484 2632 1750 1069 2560 4117 3827 3601 2276 4230 2080 1713 1513 830 3555 3205 2377 3548 2254 2124 2548 4694 1143 1496 
98 : 4963 2236 4860 2438 3020 4127 3311 1555 1499 4554 4990 1327 1988 3486 4597 3706 1221 715 1149 1029 4216 2178 2204 2918 3553 1760 2700 2662 3828 2609 3599 4702 2268 1864 139 2022 4499 3343 337 4002 
99 : 2045 4566 2360 
100 : 4494 3311 1574 2232 1217 3621 899 2581 4767 3771 3096 4587 2127 1552 3182 2648 4705 4610 387 709 403 1327 1093 4489 3683 2517 4655 1939 1003 2881 4490 2761 376 1223 3009 3845 3885 4234 563 4716 105 2355 2922 2071 175 3336 4687 3240 
